0.013093
0.062528
-0.054060
-0.240371
-0.092613
0.157743
-0.092568
-0.082001
-0.203178
-0.032795
-0.091884
-0.161357
-0.248482
-0.247044
-0.135284
-0.015370
-0.276805
-0.231607
-0.053235
-0.133203
-0.234687
-0.221829
-0.071783
-0.128956
-0.038526
-0.335006
0.135508
-0.238418
-0.114666
-0.491889
-0.176269
-0.292760
-0.315143
0.162953
0.139627
0.056229
0.198863
-0.172533
-0.169464
-0.175950
-0.255614
-0.260035
-0.262675
-0.237374
-0.163628
-0.142456
-0.163820
-0.386301
-0.193649
0.003012
0.073996
0.171908
0.016080
-0.073517
-0.280598
-0.169253
-0.245025
-0.155692
0.176957
-0.157424
0.095386
-0.150337
-0.099543
-0.208271
-0.310386
0.062596
-0.255343
-0.193486
-0.207908
0.087475
-0.118506
-0.313488
-0.245594
-0.274575
-0.311628
-0.245598
-0.338533
-0.246917
-0.146940
-0.072097
-0.302255
-0.503660
-0.247656
-0.103994
-0.198799
-0.228706
-0.137258
-0.163978
-0.037552
-0.200353
-0.400544
-0.410593
-0.231541
-0.229810
-0.080053
-0.291600
-0.258336
-0.300048
-0.236805
-0.043338
0.021144
-0.182363
-0.306049
-0.140696
-0.088952
-0.176038
-0.134484
-0.234581
-0.081917
0.181404
0.004890
0.224468
0.135127
-0.240578
-0.190426
-0.067089
-0.196114
0.071867
-0.468391
-0.326900
-0.495682
-0.222955
-0.230287
-0.171128
-0.159292
-0.452473
-0.147671
-0.300023
-0.345773
-0.186906
-0.275346
-0.176316
-0.040238
-0.128723
-0.079694
-0.460703
-0.100609
0.018222
-0.492063
-0.193798
-0.039569
-0.234209
0.107210
-0.265015
-0.243331
-0.057962
-0.065513
-0.036001
-0.170001
0.054622
0.176082
0.004564
-0.082455
0.190375
0.028479
-0.035010
-0.132038
0.083067
-0.166814
-0.258218
-0.151946
-0.119370
0.165476
-0.111455
-0.033269
-0.275647
-0.328777
-0.362169
-0.124026
-0.277058
-0.088579
0.158615
-0.186816
-0.208693
0.088533
-0.278142
-0.068706
-0.121515
-0.191136
-0.158620
-0.264226
-0.011445
-0.048844
-0.157946
-0.076495
0.101912
-0.190371
-0.140858
-0.198727
-0.196961
-0.330400
0.134351
-0.065206
-0.193671
-0.231298
-0.159402
-0.311898
-0.089442
-0.230820
0.046744
-0.065635
-0.175794
-0.079582
0.018387
-0.057383
-0.168850
-0.104169
0.059224
0.065480
0.146111
-0.458500
-0.239233
-0.179233
-0.159277
-0.229100
-0.205445
-0.165822
-0.225469
-0.187559
-0.118683
-0.158322
-0.210245
0.291531
0.082906
0.001106
0.012985
-0.181604
0.151435
-0.062255
0.013820
0.087302
0.103693
-0.097302
-0.077825
-0.048660
-0.042306
-0.330051
-0.170346
-0.136523
-0.076232
-0.017669
-0.140577
-0.234776
-0.048525
-0.023652
-0.142575
-0.084999
-0.011553
0.188391
0.206026
0.186675
-0.095257
-0.373397
0.042493
-0.019331
0.144383
0.079615
0.177994
0.045484
0.134006
0.038151
0.021517
-0.193854
0.267255
-0.072286
-0.000302
0.101435
-0.055635
-0.258386
-0.085900
-0.001924
-0.272657
-0.049471
0.116214
-0.120254
-0.210156
-0.225242
-0.038468
-0.059555
0.059659
-0.017053
-0.035387
0.118495
0.006783
0.054526
0.161502
0.022856
-0.102100
-0.111771
-0.224368
-0.258846
0.213394
0.009480
-0.061032
0.007167
-0.091710
0.222585
-0.208269
-0.498242
-0.497998
-0.391448
-0.264718
-0.165860
-0.148637
-0.364289
-0.377466
-0.330177
-0.360595
-0.077434
-0.201229
-0.164537
-0.116915
-0.242216
-0.275645
-0.061186
-0.232788
-0.210044
-0.111186
0.118146
-0.057915
-0.009624
-0.377993
-0.175393
-0.234565
-0.147183
-0.261364
-0.227322
0.090718
0.153191
-0.155124
-0.142431
-0.304849
0.007054
-0.377813
-0.208711
-0.203735
-0.090403
-0.030762
-0.066520
-0.009135
0.063146
-0.096008
-0.081058
-0.189468
-0.136473
0.124540
0.163385
-0.024207
-0.036691
-0.017432
-0.086388
-0.205105
-0.285641
-0.316631
-0.097434
-0.035953
-0.105807
-0.058847
-0.195642
-0.290594
0.086133
-0.059723
-0.210620
-0.251296
-0.496857
-0.219072
-0.337254
-0.189989
-0.091971
-0.115067
-0.347893
-0.334741
-0.231768
-0.138349
-0.291419
-0.129221
-0.218040
-0.420323
-0.277181
-0.503320
-0.285610
-0.252790
-0.184268
-0.260847
-0.354905
-0.125889
-0.136401
-0.315955
-0.245384
0.124038
0.121718
0.084408
0.023279
-0.226781
-0.097667
0.049707
0.080359
0.047702
0.040142
-0.132486
0.036654
0.018504
-0.279276
0.065132
-0.195199
0.066215
-0.061622
-0.052752
0.142535
0.452972
-0.345510
0.237792
0.420803
0.214152
0.113821
0.153780
0.287411
0.269147
0.269702
0.161924
0.100366
0.184511
0.230733
0.129894
0.203141
0.080111
0.263813
0.659086
0.314131
0.066611
0.042156
-0.206437
0.139870
0.473657
0.142795
0.167866
-0.013813
0.182951
0.061391
0.438851
-0.009048
-0.279067
0.408784
0.046307
0.262793
0.350495
0.345722
0.319523
0.304534
-0.210417
0.122284
0.307229
0.495040
0.103403
-0.012729
-0.092627
0.435057
0.259484
-0.039202
0.429399
0.306077
0.232222
0.411784
0.592261
0.303313
0.008791
-0.369947
0.095579
-0.257024
0.347814
0.027060
0.211076
0.142851
0.012160
0.061894
-0.190920
0.000082
0.281462
-0.177376
0.026736
-0.041730
0.105345
0.061377
0.164342
0.147342
-0.067984
-0.062134
0.067574
0.485583
0.155456
0.140632
0.029682
-0.057085
-0.086103
0.232900
-0.069465
0.027954
-0.150196
-0.076038
0.274216
-0.065922
0.023061
0.534885
0.052706
0.129220
0.065201
0.532490
-0.080843
-0.021165
0.089292
0.081703
-0.101618
0.034199
-0.170928
0.346270
0.468662
-0.069144
0.213362
0.267411
0.251642
-0.058089
-0.138883
-0.012231
0.344983
-0.061114
0.157465
-0.018976
-0.121012
-0.159391
0.212001
0.217152
-0.020817
-0.073398
-0.187150
-0.117475
-0.007913
0.215017
0.108593
0.084143
0.215337
-0.107314
0.000578
-0.114680
0.490566
0.090562
0.258532
-0.048582
-0.124992
-0.010858
0.059795
-0.001419
0.234861
0.073669
0.016046
-0.225254
-0.178161
0.090370
0.366240
0.247232
0.343986
0.024134
0.043088
-0.222893
-0.027438
-0.149972
0.059381
0.093153
0.151003
0.287574
0.356314
0.009502
0.001401
0.063450
-0.143434
-0.120585
-0.018180
-0.187732
-0.022923
0.309485
-0.186548
0.204311
-0.209135
0.482421
0.209354
0.436124
0.263929
0.033717
0.343864
0.274033
0.085621
0.140354
0.329832
0.026378
0.238500
-0.167139
0.208128
-0.046604
0.058592
-0.102023
-0.127810
0.709570
0.322268
0.425849
0.201038
-0.186920
-0.050904
-0.057215
-0.087393
0.400571
0.259117
0.209309
-0.090421
-0.173545
-0.055822
-0.116735
0.499208
0.326352
0.306627
0.278146
0.016717
-0.105328
0.329612
-0.034664
0.272129
0.219093
0.137226
-0.204845
0.134386
-0.082379
-0.015717
0.105601
0.449499
0.174194
0.352610
-0.050640
0.303798
0.161256
0.115574
0.658949
0.482688
0.062680
0.212513
0.019039
0.267391
-0.078502
0.106809
0.180878
-0.006605
0.305980
-0.070939
-0.043179
-0.321659
0.286101
0.329330
-0.039156
0.323249
0.150484
0.257058
0.196018
0.123966
0.141975
-0.151912
0.229421
0.081868
0.068051
-0.072351
0.214251
0.287239
-0.040927
-0.293815
-0.044417
0.336715
-0.125751
0.001307
-0.014419
-0.136425
0.054092
0.162523
0.383722
0.084515
0.280720
0.123863
0.029137
0.204604
-0.081373
-0.136658
0.174965
-0.225602
-0.135541
0.209247
0.087375
0.167115
0.227249
0.282835
-0.087482
-0.042049
0.112814
0.101232
0.117863
0.124325
0.049716
-0.088288
0.234635
0.215985
0.221715
0.065516
-0.101179
-0.137875
0.213644
-0.035526
-0.034806
0.128716
0.165566
0.123235
-0.319267
0.026378
0.288266
-0.029485
0.303049
-0.018004
0.116583
0.239686
0.025419
0.355983
0.053669
0.079402
0.028538
0.074384
0.260296
0.244652
0.221857
0.069326
-0.208005
0.877237
-0.096437
-0.007221
-0.350122
0.267035
0.221813
-0.001145
0.251719
-0.062247
0.055004
0.082850
0.177902
0.059510
0.246922
0.081296
0.190471
0.150546
0.096499
-0.182943
0.224515
0.037808
0.186906
0.029477
0.322456
-0.051320
0.382185
-0.211381
-0.092891
0.020074
0.004201
0.070680
0.211304
0.149035
-0.170580
-0.059539
0.068860
0.514347
0.222566
-0.141290
0.215637
-0.359803
0.280549
0.418867
-0.207149
0.300775
0.240308
-0.050672
0.018754
0.313144
0.140260
0.140052
0.326463
-0.008228
-0.056484
-0.013167
0.221121
-0.269604
0.124372
0.063556
0.375742
0.121066
0.288777
0.475023
0.115056
0.109213
0.205794
0.092666
-0.404374
0.157273
0.019673
0.055784
0.143235
0.232896
0.295545
0.275848
0.399178
-0.000001
-0.006014
0.004550
-0.095709
0.246450
0.098373
-0.339002
-0.207892
-0.063909
0.312665
-0.135698
-0.068648
-0.016870
0.108154
0.369647
0.273412
0.159083
0.175186
-0.078519
0.082286
-0.068215
0.409508
-0.162046
0.064966
-0.121452
0.169809
0.194653
0.184388
0.197558
0.595112
0.125010
0.201587
-0.084622
0.372417
0.027379
0.279781
0.331560
-0.015873
0.130223
0.110242
-0.159341
0.376748
0.134433
0.312528
-0.199463
-0.171954
0.103586
0.036932
-0.160133
0.146705
-0.290989
0.005971
0.102606
-0.055401
0.179651
0.051367
0.177411
0.153041
0.035856
0.351322
-0.105032
0.429310
0.179246
0.302190
0.203504
0.041947
0.065505
0.213216
0.100263
-0.005810
0.470639
0.381929
-0.456226
-0.040646
0.322225
0.278405
0.178754
0.056565
0.033344
0.185623
0.005763
0.231588
-0.165232
0.480379
-0.125944
0.030002
0.025095
0.177440
-0.043153
0.349295
0.625230
0.228610
0.153653
0.401514
0.161030
0.129297
0.273852
0.049326
0.138772
0.059626
-0.088935
0.196041
0.453523
0.222134
0.488425
-0.043265
-0.067162
-0.077979
-0.117064
-0.201497
0.180912
0.264604
-0.014800
-0.111441
0.117148
-0.234356
0.036418
-0.189577
-0.170874
0.063988
0.356752
-0.284563
-0.130009
-0.120432
-0.661365
-0.282528
-0.176317
0.207186
-0.083558
-0.052948
0.005369
-0.035969
0.057519
-0.128648
-0.082120
-0.136654
-0.349457
-0.370683
0.013955
0.322209
-0.231383
-0.027711
-0.066087
-0.044806
-0.205122
-0.202999
-0.380599
-0.292972
-0.303641
0.109662
-0.199129
-0.017218
-0.067289
-0.299968
0.003700
-0.244777
-0.228736
-0.010616
0.015333
0.210297
0.126435
0.210998
0.191793
0.324714
0.235650
-0.099919
0.345630
0.121812
0.203959
0.234869
0.081808
0.028423
-0.064380
0.056485
-0.096047
0.048081
-0.178838
-0.325758
0.148705
0.027802
-0.185776
-0.080523
-0.219379
-0.215549
-0.535012
-0.192617
-0.070564
0.050395
-0.287411
0.054517
-0.088384
