1.400000043213367462e-02
6.210000067949295044e-02
-5.629999935626983643e-02
-2.419999986886978149e-01
-9.380000084638595581e-02
1.580999940633773804e-01
-9.260000288486480713e-02
-8.100000023841857910e-02
-2.026000022888183594e-01
-3.390000015497207642e-02
-9.179999679327011108e-02
-1.615000069141387939e-01
-2.489999979734420776e-01
-2.486999928951263428e-01
-1.348000019788742065e-01
-1.539999991655349731e-02
-2.752999961376190186e-01
-2.336000055074691772e-01
-5.510000139474868774e-02
-1.331000030040740967e-01
-2.354999929666519165e-01
-2.217999994754791260e-01
-7.220000028610229492e-02
-1.306000053882598877e-01
-3.979999944567680359e-02
-3.382999897003173828e-01
1.328999996185302734e-01
-2.409999966621398926e-01
-1.190000027418136597e-01
-4.912999868392944336e-01
-1.756999939680099487e-01
-2.924000024795532227e-01
-3.165999948978424072e-01
1.635999977588653564e-01
1.394000053405761719e-01
5.400000140070915222e-02
1.976999938488006592e-01
-1.756999939680099487e-01
-1.712000072002410889e-01
-1.744000017642974854e-01
-2.531000077724456787e-01
-2.599999904632568359e-01
-2.626000046730041504e-01
-2.387000024318695068e-01
-1.636999994516372681e-01
-1.421000063419342041e-01
-1.622000038623809814e-01
-3.856000006198883057e-01
-1.935999989509582520e-01
1.599999959580600262e-03
7.329999655485153198e-02
1.728000044822692871e-01
1.420000009238719940e-02
-7.410000264644622803e-02
-2.822000086307525635e-01
-1.706999987363815308e-01
-2.463999986648559570e-01
-1.577000021934509277e-01
1.777999997138977051e-01
-1.568000018596649170e-01
9.520000219345092773e-02
-1.518000066280364990e-01
-1.019999980926513672e-01
-2.089000046253204346e-01
-3.106999993324279785e-01
6.310000270605087280e-02
-2.567999958992004395e-01
-1.944999992847442627e-01
-2.085999995470046997e-01
8.929999917745590210e-02
-1.156999990344047546e-01
-3.136999905109405518e-01
-2.442999929189682007e-01
-2.750999927520751953e-01
-3.122999966144561768e-01
-2.469999939203262329e-01
-3.382000029087066650e-01
-2.454999983310699463e-01
-1.465999931097030640e-01
-7.320000231266021729e-02
-3.039000034332275391e-01
-5.049999952316284180e-01
-2.477000057697296143e-01
-1.061000004410743713e-01
-1.978999972343444824e-01
-2.278999984264373779e-01
-1.362999975681304932e-01
-1.635999977588653564e-01
-3.860000148415565491e-02
-2.028000056743621826e-01
-4.023000001907348633e-01
-4.086000025272369385e-01
-2.311999946832656860e-01
-2.300000041723251343e-01
-7.769999653100967407e-02
-2.892000079154968262e-01
-2.578000128269195557e-01
-3.005999922752380371e-01
-2.369000017642974854e-01
-4.390000179409980774e-02
1.940000057220458984e-02
-1.825000047683715820e-01
-3.077000081539154053e-01
-1.422999948263168335e-01
-8.940000087022781372e-02
-1.797000020742416382e-01
-1.354999989271163940e-01
-2.344000041484832764e-01
-8.120000362396240234e-02
1.815000027418136597e-01
1.399999950081110001e-03
2.225999981164932251e-01
1.389999985694885254e-01
-2.401999980211257935e-01
-1.923999935388565063e-01
-6.780000030994415283e-02
-1.961999982595443726e-01
7.299999892711639404e-02
-4.675999879837036133e-01
-3.260000050067901611e-01
-4.943999946117401123e-01
-2.231999933719635010e-01
-2.310999929904937744e-01
-1.706999987363815308e-01
-1.581999957561492920e-01
-4.494999945163726807e-01
-1.495999991893768311e-01
-3.003000020980834961e-01
-3.456000089645385742e-01
-1.870000064373016357e-01
-2.764999866485595703e-01
-1.770000010728836060e-01
-4.170000180602073669e-02
-1.272999942302703857e-01
-8.160000294446945190e-02
-4.607999920845031738e-01
-9.960000216960906982e-02
1.970000006258487701e-02
-4.923000037670135498e-01
-1.937000006437301636e-01
-4.069999977946281433e-02
-2.340999990701675415e-01
1.085999980568885803e-01
-2.635000050067901611e-01
-2.428999990224838257e-01
-5.939999967813491821e-02
-6.480000168085098267e-02
-3.629999980330467224e-02
-1.712999939918518066e-01
5.499999970197677612e-02
1.777999997138977051e-01
8.399999700486660004e-03
-8.309999853372573853e-02
1.914999932050704956e-01
2.999999932944774628e-02
-3.489999845623970032e-02
-1.339000016450881958e-01
8.340000361204147339e-02
-1.677999943494796753e-01
-2.592000067234039307e-01
-1.515000015497207642e-01
-1.190000027418136597e-01
1.655000001192092896e-01
-1.106000021100044250e-01
-3.379999846220016479e-02
-2.748999893665313721e-01
-3.291000127792358398e-01
-3.617999851703643799e-01
-1.235999986529350281e-01
-2.775000035762786865e-01
-8.990000188350677490e-02
1.603000015020370483e-01
-1.851000040769577026e-01
-2.064000070095062256e-01
8.839999884366989136e-02
-2.791999876499176025e-01
-6.849999725818634033e-02
-1.222999989986419678e-01
-1.902000010013580322e-01
-1.588000059127807617e-01
-2.642000019550323486e-01
-1.300000026822090149e-02
-5.000000074505805969e-02
-1.603000015020370483e-01
-7.760000228881835938e-02
1.000000014901161194e-01
-1.899999976158142090e-01
-1.410000026226043701e-01
-2.004999965429306030e-01
-1.981000006198883057e-01
-3.298000097274780273e-01
1.335999965667724609e-01
-6.710000336170196533e-02
-1.947000026702880859e-01
-2.318000048398971558e-01
-1.599999964237213135e-01
-3.143999874591827393e-01
-9.000000357627868652e-02
-2.329999953508377075e-01
4.659999907016754150e-02
-6.729999929666519165e-02
-1.749999970197677612e-01
-8.009999990463256836e-02
1.679999940097332001e-02
-5.900000035762786865e-02
-1.685999929904937744e-01
-1.045999974012374878e-01
5.860000103712081909e-02
6.589999794960021973e-02
1.468999981880187988e-01
-4.589999914169311523e-01
-2.398000061511993408e-01
-1.798000037670135498e-01
-1.618999987840652466e-01
-2.307000011205673218e-01
-2.061000019311904907e-01
-1.660999953746795654e-01
-2.269999980926513672e-01
-1.888000071048736572e-01
-1.221000030636787415e-01
-1.599999964237213135e-01
-2.131000012159347534e-01
2.924999892711639404e-01
8.380000293254852295e-02
3.000000142492353916e-04
1.410000026226043701e-02
-1.821999996900558472e-01
1.518999934196472168e-01
-6.279999762773513794e-02
1.209999993443489075e-02
8.540000021457672119e-02
1.027999967336654663e-01
-9.740000218152999878e-02
-7.919999957084655762e-02
-4.910000041127204895e-02
-4.270000010728836060e-02
-3.316000103950500488e-01
-1.686999946832656860e-01
-1.357000023126602173e-01
-7.479999959468841553e-02
-1.630000025033950806e-02
-1.411000043153762817e-01
-2.344000041484832764e-01
-4.749999940395355225e-02
-2.349999919533729553e-02
-1.428000032901763916e-01
-8.420000225305557251e-02
-1.099999994039535522e-02
1.869000047445297241e-01
2.047999948263168335e-01
1.861999928951263428e-01
-9.560000151395797729e-02
-3.745000064373016357e-01
4.170000180602073669e-02
-1.850000023841857910e-02
1.436000019311904907e-01
7.930000126361846924e-02
1.772000044584274292e-01
4.589999839663505554e-02
1.340000033378601074e-01
3.640000149607658386e-02
2.080000005662441254e-02
-1.939000040292739868e-01
2.671999931335449219e-01
-7.199999690055847168e-02
-7.999999797903001308e-04
1.002999991178512573e-01
-5.779999867081642151e-02
-2.570999860763549805e-01
-8.739999681711196899e-02
-1.700000022538006306e-03
-2.736999988555908203e-01
-4.949999973177909851e-02
1.160999983549118042e-01
-1.199999973177909851e-01
-2.111999988555908203e-01
-2.266999930143356323e-01
-3.709999844431877136e-02
-5.900000035762786865e-02
6.250000000000000000e-02
-1.700000092387199402e-02
-3.579999879002571106e-02
1.194999963045120239e-01
4.800000227987766266e-03
5.440000072121620178e-02
1.635999977588653564e-01
2.170000039041042328e-02
-1.020999997854232788e-01
-1.111000031232833862e-01
-2.217999994754791260e-01
-2.601000070571899414e-01
2.128999978303909302e-01
1.169999968260526657e-02
-6.400000303983688354e-02
6.000000052154064178e-03
-9.089999645948410034e-02
2.221000045537948608e-01
-2.084999978542327881e-01
-4.955999851226806641e-01
-4.986999928951263428e-01
-3.932000100612640381e-01
-2.651999890804290771e-01
-1.683000028133392334e-01
-1.480000019073486328e-01
-3.657000064849853516e-01
-3.794000148773193359e-01
-3.303999900817871094e-01
-3.603000044822692871e-01
-7.760000228881835938e-02
-2.011999934911727905e-01
-1.650999933481216431e-01
-1.156999990344047546e-01
-2.390999943017959595e-01
-2.750000059604644775e-01
-6.040000170469284058e-02
-2.322999984025955200e-01
-2.111999988555908203e-01
-1.112999990582466125e-01
1.181000024080276489e-01
-5.700000002980232239e-02
-9.999999776482582092e-03
-3.792000114917755127e-01
-1.756000071763992310e-01
-2.345000058412551880e-01
-1.471000015735626221e-01
-2.608000040054321289e-01
-2.266999930143356323e-01
9.040000289678573608e-02
1.548999994993209839e-01
-1.551000028848648071e-01
-1.411000043153762817e-01
-3.046000003814697266e-01
7.400000002235174179e-03
-3.763999938964843750e-01
-2.083999961614608765e-01
-2.049999982118606567e-01
-9.109999984502792358e-02
-3.089999966323375702e-02
-6.530000269412994385e-02
-1.200000010430812836e-02
6.140000000596046448e-02
-9.730000048875808716e-02
-8.190000057220458984e-02
-1.893000006675720215e-01
-1.358000040054321289e-01
1.239999979734420776e-01
1.641000062227249146e-01
-2.620000019669532776e-02
-3.510000184178352356e-02
-1.559999957680702209e-02
-8.519999682903289795e-02
-2.046999931335449219e-01
-2.858999967575073242e-01
-3.167999982833862305e-01
-9.799999743700027466e-02
-3.620000183582305908e-02
-1.032999977469444275e-01
-5.739999935030937195e-02
-1.957000046968460083e-01
-2.908999919891357422e-01
8.690000325441360474e-02
-5.829999968409538269e-02
-2.110999971628189087e-01
-2.506000101566314697e-01
-4.975000023841857910e-01
-2.196999937295913696e-01
-3.375000059604644775e-01
-1.899999976158142090e-01
-9.279999881982803345e-02
-1.150999963283538818e-01
-3.472000062465667725e-01
-3.377999961376190186e-01
-2.336000055074691772e-01
-1.394000053405761719e-01
-2.906999886035919189e-01
-1.290999948978424072e-01
-2.195000052452087402e-01
-4.212999939918518066e-01
-2.781000137329101562e-01
-5.042999982833862305e-01
-2.865000069141387939e-01
-2.524999976158142090e-01
-1.846999973058700562e-01
-2.612999975681304932e-01
-3.558999896049499512e-01
-1.270000040531158447e-01
-1.372999995946884155e-01
-3.174000084400177002e-01
-2.476000040769577026e-01
1.230000033974647522e-01
1.229000017046928406e-01
8.120000362396240234e-02
2.239999920129776001e-02
-2.266000062227249146e-01
-1.000000014901161194e-01
4.919999837875366211e-02
8.120000362396240234e-02
4.760000109672546387e-02
3.990000113844871521e-02
-1.289999932050704956e-01
3.680000081658363342e-02
1.720000058412551880e-02
-2.791000008583068848e-01
6.570000201463699341e-02
-1.949000060558319092e-01
6.710000336170196533e-02
-6.120000034570693970e-02
-5.449999868869781494e-02
1.409000009298324585e-01
4.519999921321868896e-01
-3.456999957561492920e-01
2.368000000715255737e-01
4.251999855041503906e-01
2.159000039100646973e-01
1.142999976873397827e-01
1.551000028848648071e-01
2.854999899864196777e-01
2.687999904155731201e-01
2.671999931335449219e-01
1.613000035285949707e-01
9.969999641180038452e-02
1.865999996662139893e-01
2.307000011205673218e-01
1.315000057220458984e-01
2.036000043153762817e-01
7.940000295639038086e-02
2.621000111103057861e-01
6.610999703407287598e-01
3.118999898433685303e-01
6.289999932050704956e-02
4.270000010728836060e-02
-2.021999955177307129e-01
1.398999989032745361e-01
4.733000099658966064e-01
1.427000015974044800e-01
1.696999967098236084e-01
-1.610000059008598328e-02
1.829999983310699463e-01
6.019999831914901733e-02
4.406999945640563965e-01
-8.999999612569808960e-03
-2.786000072956085205e-01
4.093999862670898438e-01
4.309999942779541016e-02
2.617000043392181396e-01
3.504000008106231689e-01
3.449000120162963867e-01
3.197999894618988037e-01
3.061999976634979248e-01
-2.092999964952468872e-01
1.247000023722648621e-01
3.084999918937683105e-01
4.952000081539154053e-01
1.037999987602233887e-01
-1.209999993443489075e-02
-9.520000219345092773e-02
4.374000132083892822e-01
2.587999999523162842e-01
-3.920000046491622925e-02
4.311999976634979248e-01
3.064999878406524658e-01
2.356999963521957397e-01
4.144999980926513672e-01
5.945000052452087402e-01
3.025999963283538818e-01
1.180000044405460358e-02
-3.704999983310699463e-01
9.529999643564224243e-02
-2.583999931812286377e-01
3.501999974250793457e-01
2.950000017881393433e-02
2.104000002145767212e-01
1.425999999046325684e-01
1.219999976456165314e-02
5.979999899864196777e-02
-1.917999982833862305e-01
0.000000000000000000e+00
2.815999984741210938e-01
-1.759999990463256836e-01
2.470000088214874268e-02
-4.239999875426292419e-02
1.033999994397163391e-01
5.990000069141387939e-02
1.631000041961669922e-01
1.465999931097030640e-01
-6.830000132322311401e-02
-6.190000101923942566e-02
6.650000065565109253e-02
4.828000068664550781e-01
1.529999971389770508e-01
1.404000073671340942e-01
2.869999967515468597e-02
-5.609999969601631165e-02
-8.449999988079071045e-02
2.334000021219253540e-01
-6.989999860525131226e-02
2.659999951720237732e-02
-1.516000032424926758e-01
-7.729999721050262451e-02
2.734999954700469971e-01
-6.499999761581420898e-02
2.610000036656856537e-02
5.378000140190124512e-01
5.359999835491180420e-02
1.317999958992004395e-01
6.459999829530715942e-02
5.314999818801879883e-01
-8.489999920129776001e-02
-2.250000089406967163e-02
8.980000019073486328e-02
8.240000158548355103e-02
-1.023000031709671021e-01
3.240000084042549133e-02
-1.721999943256378174e-01
3.463999927043914795e-01
4.663000106811523438e-01
-6.570000201463699341e-02
2.117999941110610962e-01
2.680000066757202148e-01
2.569999992847442627e-01
-5.499999970197677612e-02
-1.372999995946884155e-01
-1.169999968260526657e-02
3.458999991416931152e-01
-5.609999969601631165e-02
1.551000028848648071e-01
-1.789999939501285553e-02
-1.212000027298927307e-01
-1.583999991416931152e-01
2.119999974966049194e-01
2.175000011920928955e-01
-2.260000072419643402e-02
-7.460000365972518921e-02
-1.890999972820281982e-01
-1.177999973297119141e-01
-8.999999612569808960e-03
2.146999984979629517e-01
1.102999970316886902e-01
8.579999953508377075e-02
2.171999961137771606e-01
-1.089999973773956299e-01
2.700000070035457611e-03
-1.156999990344047546e-01
4.889000058174133301e-01
9.300000220537185669e-02
2.597999870777130127e-01
-4.930000007152557373e-02
-1.257999986410140991e-01
-1.020000036805868149e-02
6.089999899268150330e-02
-1.599999959580600262e-03
2.354999929666519165e-01
7.249999791383743286e-02
1.740000024437904358e-02
-2.248000055551528931e-01
-1.791000068187713623e-01
9.040000289678573608e-02
3.664000034332275391e-01
2.477999925613403320e-01
3.433000147342681885e-01
2.610000036656856537e-02
4.170000180602073669e-02
-2.231999933719635010e-01
-2.979999966919422150e-02
-1.479000002145767212e-01
6.040000170469284058e-02
9.290000051259994507e-02
1.497000008821487427e-01
2.881999909877777100e-01
3.551999926567077637e-01
1.049999985843896866e-02
3.500000108033418655e-03
6.310000270605087280e-02
-1.441999971866607666e-01
-1.193000003695487976e-01
-1.909999921917915344e-02
-1.890999972820281982e-01
-2.190000005066394806e-02
3.100000023841857910e-01
-1.852999925613403320e-01
2.063000053167343140e-01
-2.096000015735626221e-01
4.814999997615814209e-01
2.097000032663345337e-01
4.345000088214874268e-01
2.612999975681304932e-01
3.400000184774398804e-02
3.454000055789947510e-01
2.766999900341033936e-01
8.560000360012054443e-02
1.394000053405761719e-01
3.294999897480010986e-01
2.449999935925006866e-02
2.386000007390975952e-01
-1.659999936819076538e-01
2.064000070095062256e-01
-4.549999907612800598e-02
6.069999933242797852e-02
-1.036000028252601624e-01
-1.266999989748001099e-01
7.102000117301940918e-01
3.237999975681304932e-01
4.239000082015991211e-01
1.984000056982040405e-01
-1.869000047445297241e-01
-5.249999836087226868e-02
-5.620000138878822327e-02
-8.410000056028366089e-02
3.995000123977661133e-01
2.563000023365020752e-01
2.106000036001205444e-01
-9.170000255107879639e-02
-1.711000055074691772e-01
-5.759999901056289673e-02
-1.155000030994415283e-01
5.002999901771545410e-01
3.258999884128570557e-01
3.068999946117401123e-01
2.795999944210052490e-01
1.979999989271163940e-02
-1.088000014424324036e-01
3.289999961853027344e-01
-3.700000047683715820e-02
2.711000144481658936e-01
2.185000032186508179e-01
1.360000073909759521e-01
-2.070000022649765015e-01
1.342999935150146484e-01
-8.259999752044677734e-02
-1.530000008642673492e-02
1.072999984025955200e-01
4.496000111103057861e-01
1.739999949932098389e-01
3.531000018119812012e-01
-4.870000109076499939e-02
3.030000030994415283e-01
1.627999991178512573e-01
1.156999990344047546e-01
6.570000052452087402e-01
4.819000065326690674e-01
6.560000032186508179e-02
2.099000066518783569e-01
2.140000090003013611e-02
2.718999981880187988e-01
-7.729999721050262451e-02
1.067000031471252441e-01
1.834000051021575928e-01
-8.299999870359897614e-03
3.077999949455261230e-01
-6.719999760389328003e-02
-4.199999943375587463e-02
-3.224000036716461182e-01
2.865999937057495117e-01
3.307999968528747559e-01
-4.369999840855598450e-02
3.219000101089477539e-01
1.458999961614608765e-01
2.587999999523162842e-01
1.967999935150146484e-01
1.239999979734420776e-01
1.425999999046325684e-01
-1.520999968051910400e-01
2.296999990940093994e-01
8.030000329017639160e-02
6.780000030994415283e-02
-7.580000162124633789e-02
2.155999988317489624e-01
2.874999940395355225e-01
-4.069999977946281433e-02
-2.919999957084655762e-01
-4.780000075697898865e-02
3.364999890327453613e-01
-1.256999969482421875e-01
1.500000013038516045e-03
-1.099999994039535522e-02
-1.362999975681304932e-01
5.759999901056289673e-02
1.649000048637390137e-01
3.862000107765197754e-01
8.410000056028366089e-02
2.816999852657318115e-01
1.217999979853630066e-01
3.139999881386756897e-02
2.035000026226043701e-01
-7.940000295639038086e-02
-1.369999945163726807e-01
1.768999993801116943e-01
-2.241999953985214233e-01
-1.357000023126602173e-01
2.091999948024749756e-01
8.590000122785568237e-02
1.717000007629394531e-01
2.272000014781951904e-01
2.811000049114227295e-01
-8.820000290870666504e-02
-4.439999908208847046e-02
1.132000014185905457e-01
1.010000035166740417e-01
1.160999983549118042e-01
1.268000006675720215e-01
5.000000074505805969e-02
-8.799999952316284180e-02
2.333000004291534424e-01
2.168000042438507080e-01
2.197999954223632812e-01
6.400000303983688354e-02
-1.010999977588653564e-01
-1.362999975681304932e-01
2.184000015258789062e-01
-3.810000047087669373e-02
-3.180000185966491699e-02
1.279000043869018555e-01
1.653999984264373779e-01
1.242000013589859009e-01
-3.190999925136566162e-01
2.840000018477439880e-02
2.874000072479248047e-01
-2.999999932944774628e-02
3.041000068187713623e-01
-1.489999983459711075e-02
1.174999997019767761e-01
2.409999966621398926e-01
2.459999918937683105e-02
3.555999994277954102e-01
5.070000141859054565e-02
8.070000261068344116e-02
3.099999949336051941e-02
7.460000365972518921e-02
2.603999972343444824e-01
2.467000037431716919e-01
2.212000042200088501e-01
7.010000199079513550e-02
-2.081000059843063354e-01
8.779000043869018555e-01
-9.740000218152999878e-02
-9.700000286102294922e-03
-3.501999974250793457e-01
2.664999961853027344e-01
2.243999987840652466e-01
-9.999999747378751636e-05
2.513999938964843750e-01
-6.400000303983688354e-02
5.499999970197677612e-02
8.179999887943267822e-02
1.792999953031539917e-01
6.049999967217445374e-02
2.474000006914138794e-01
8.070000261068344116e-02
1.907999962568283081e-01
1.525000035762786865e-01
9.709999710321426392e-02
-1.834000051021575928e-01
2.240999937057495117e-01
3.959999978542327881e-02
1.869000047445297241e-01
3.070000000298023224e-02
3.244000077247619629e-01
-5.260000005364418030e-02
3.831000030040740967e-01
-2.122000008821487427e-01
-9.239999949932098389e-02
1.850000023841857910e-02
2.199999988079071045e-03
7.050000131130218506e-02
2.118999958038330078e-01
1.523000001907348633e-01
-1.708000004291534424e-01
-5.829999968409538269e-02
6.800000369548797607e-02
5.134000182151794434e-01
2.223999947309494019e-01
-1.440999954938888550e-01
2.151000052690505981e-01
-3.592000007629394531e-01
2.831999957561492920e-01
4.199000000953674316e-01
-2.081000059843063354e-01
3.025999963283538818e-01
2.425000071525573730e-01
-5.449999868869781494e-02
1.539999991655349731e-02
3.138999938964843750e-01
1.402000039815902710e-01
1.393000036478042603e-01
3.246999979019165039e-01
-9.200000204145908356e-03
-5.689999833703041077e-02
-1.360000018030405045e-02
2.226999998092651367e-01
-2.671000063419342041e-01
1.262000054121017456e-01
6.390000134706497192e-02
3.750000000000000000e-01
1.221999973058700562e-01
2.908000051975250244e-01
4.745999872684478760e-01
1.168999969959259033e-01
1.102000027894973755e-01
2.045000046491622925e-01
9.350000321865081787e-02
-4.049000144004821777e-01
1.577000021934509277e-01
1.789999939501285553e-02
5.440000072121620178e-02
1.465999931097030640e-01
2.318000048398971558e-01
2.937999963760375977e-01
2.761000096797943115e-01
3.973000049591064453e-01
2.099999925121665001e-03
-4.600000102072954178e-03
6.399999838322401047e-03
-9.660000354051589966e-02
2.470999956130981445e-01
9.769999980926513672e-02
-3.379999995231628418e-01
-2.064999938011169434e-01
-6.499999761581420898e-02
3.145999908447265625e-01
-1.366000026464462280e-01
-6.989999860525131226e-02
-1.840000040829181671e-02
1.097000017762184143e-01
3.707999885082244873e-01
2.743999958038330078e-01
1.598999947309494019e-01
1.727000027894973755e-01
-7.649999856948852539e-02
8.330000191926956177e-02
-6.650000065565109253e-02
4.106000065803527832e-01
-1.594000011682510376e-01
6.650000065565109253e-02
-1.194000020623207092e-01
1.728000044822692871e-01
1.956000030040740967e-01
1.844999939203262329e-01
1.967000067234039307e-01
5.968999862670898438e-01
1.261000037193298340e-01
2.008000016212463379e-01
-8.389999717473983765e-02
3.716000020503997803e-01
2.529999986290931702e-02
2.784000039100646973e-01
3.314999938011169434e-01
-1.300000026822090149e-02
1.307999938726425171e-01
1.098000034689903259e-01
-1.574999988079071045e-01
3.759000003337860107e-01
1.349000036716461182e-01
3.116999864578247070e-01
-1.983000040054321289e-01
-1.706999987363815308e-01
1.048000007867813110e-01
3.590000048279762268e-02
-1.606999933719635010e-01
1.477999985218048096e-01
-2.894000113010406494e-01
6.699999794363975525e-03
1.039000004529953003e-01
-5.420000106096267700e-02
1.824000030755996704e-01
4.930000007152557373e-02
1.775999963283538818e-01
1.515000015497207642e-01
3.610000014305114746e-02
3.521000146865844727e-01
-1.023999974131584167e-01
4.277000129222869873e-01
1.790000051259994507e-01
3.023999929428100586e-01
2.026000022888183594e-01
4.060000181198120117e-02
6.449999660253524780e-02
2.149000018835067749e-01
1.026000007987022400e-01
-4.800000227987766266e-03
4.706999957561492920e-01
3.804999887943267822e-01
-4.548000097274780273e-01
-3.970000147819519043e-02
3.249999880790710449e-01
2.804999947547912598e-01
1.777999997138977051e-01
5.620000138878822327e-02
3.739999979734420776e-02
1.849000006914138794e-01
6.800000090152025223e-03
2.324000000953674316e-01
-1.629000008106231689e-01
4.799999892711639404e-01
-1.283999979496002197e-01
3.079999983310699463e-02
2.740000002086162567e-02
1.793999969959259033e-01
-4.419999942183494568e-02
3.470999896526336670e-01
6.248000264167785645e-01
2.284999936819076538e-01
1.543000042438507080e-01
4.011999964714050293e-01
1.615000069141387939e-01
1.298000067472457886e-01
2.736999988555908203e-01
5.389999970793724060e-02
1.395000070333480835e-01
5.889999866485595703e-02
-8.929999917745590210e-02
1.942999958992004395e-01
4.537000060081481934e-01
2.213999927043914795e-01
4.884000122547149658e-01
-4.430000111460685730e-02
-6.610000133514404297e-02
-7.819999754428863525e-02
-1.160999983549118042e-01
-1.994999945163726807e-01
1.800999939441680908e-01
2.635999917984008789e-01
-1.489999983459711075e-02
-1.106999963521957397e-01
1.150000020861625671e-01
-2.322999984025955200e-01
3.860000148415565491e-02
-1.902000010013580322e-01
-1.710000038146972656e-01
6.480000168085098267e-02
3.576999902725219727e-01
-2.856999933719635010e-01
-1.275999993085861206e-01
-1.208000034093856812e-01
-6.603999733924865723e-01
-2.820000052452087402e-01
-1.762000024318695068e-01
2.091999948024749756e-01
-8.269999921321868896e-02
-5.040000006556510925e-02
5.200000014156103134e-03
-3.660000115633010864e-02
5.840000137686729431e-02
-1.288000047206878662e-01
-8.150000125169754028e-02
-1.354999989271163940e-01
-3.485000133514404297e-01
-3.707999885082244873e-01
1.400000043213367462e-02
3.230000138282775879e-01
-2.301000058650970459e-01
-2.679999917745590210e-02
-6.599999964237213135e-02
-4.289999976754188538e-02
-2.057999968528747559e-01
-2.039999961853027344e-01
-3.806999921798706055e-01
-2.899000048637390137e-01
-3.037999868392944336e-01
1.080999970436096191e-01
-1.986999958753585815e-01
-1.600000075995922089e-02
-6.669999659061431885e-02
-3.016999959945678711e-01
4.699999932199716568e-03
-2.442999929189682007e-01
-2.263000011444091797e-01
-1.049999985843896866e-02
1.679999940097332001e-02
2.117999941110610962e-01
1.238000020384788513e-01
2.090999931097030640e-01
1.886000037193298340e-01
3.239000141620635986e-01
2.362000048160552979e-01
-9.889999777078628540e-02
3.454999923706054688e-01
1.212999969720840454e-01
2.037999927997589111e-01
2.327000051736831665e-01
8.129999786615371704e-02
2.779999934136867523e-02
-6.430000066757202148e-02
5.559999868273735046e-02
-9.780000150203704834e-02
4.780000075697898865e-02
-1.796000003814697266e-01
-3.239000141620635986e-01
1.483000069856643677e-01
2.740000002086162567e-02
-1.856999993324279785e-01
-7.989999651908874512e-02
-2.206999957561492920e-01
-2.161000072956085205e-01
-5.371999740600585938e-01
-1.937000006437301636e-01
-7.010000199079513550e-02
5.020000040531158447e-02
-2.876999974250793457e-01
5.480000004172325134e-02
-8.829999715089797974e-02
